1208574
1208575
1208576
1208577
1208578
1208579
1208580
1208581
1208582
1208583
1208584
1208585
1208586
1208587
1208588
1208589
1208590
1208591
1208592
1208593
1208594
1208595
1208596
1208597
1208598
1208599
1208600
1208601
1208602
1208603
1208604
1208605
1208606
1208607
1208608
1208609
1208610
1208611
1208612
1208613
1208614
1208615
1208616
1208617
1208618
1208619
1208620
1208621
1208622
1208623
1208624
1208625
1208626
1208627
1208628
1208629
1208630
1208631
1208632
1208633
1208634
1208635
1208636
1208637
1208638
1208639
1208640
1208641
1208642
1208643
1208644
1208645
1208646
1208647
1208648
1208649
1208650
1208651
1208652
1208653
1208654
1208655
1208656
1208657
1208658
1208659
1208660
1208661
1208662
1208663
1208664
1208665
1208666
1208667
1208668
1208669
1208670
1208671
1208672
1208673
1208674
1208675
1208676
1208677
1208678
1208679
1208680
1208681
1208682
1208683
1208684
1208685
1208686
1208687
1208688
1208689
1208690
1208691
1208692
1208693
1208694
1208695
1208696
1208697
1208698
1208699
1208700
1208701
1208702
1208703
1208704
1208705
1208706
1208707
1208708
1208709
1208710
1208711
1208712
1208713
1208714
1208715
1208716
1208717
1208718
1208719
1208720
1208721
1208722
1208723
1208724
1208725
1208726
1208727
1208728
1208729
1208730
1208731
1208732
1208733
1208734
1208735
1208736
1208737
1208738
1208739
1208740
1208741
1208742
1208743
1208744
1208745
1208746
1208747
1208748
1208749
1208750
1208751
1208752
1208753
1208754
1208755
1208756
1208757
1208758
1208759
1208760
1208761
1208762
1208763
1208764
1208765
1208766
1208767
1208768
1208769
1208770
1208771
1208772
1208773
1208774
1208775
1208776
1208777
1208778
1208779
1208780
1208781
1208782
1208783
1208784
1208785
1208786
1208787
1208788
1208789
1208790
1208791
1208792
1208793
1208794
1208795
1208796
1208797
1208798
1208799
1208800
1208801
1208802
1208803
1208804
1208805
1208806
1208807
1208808
1208809
1208810
1208811
1208812
1208813
1208814
1208815
1208816
1208817
1208818
1208819
1208820
1208821
1208822
1208823
1208824
1208825
1208826
1208827
1208828
1208829
1208830
1208831
1208832
1208833
1208834
1208835
1208836
1208837
1208838
1208839
1208840
1208841
1208842
1208843
1208844
1208845
1208846
1208847
1208848
1208849
1208850
1208851
1208852
1208853
1208854
1208855
1208856
1208857
1208858
1208859
1208860
1208861
1208862
1208863
1208864
1208865
1208866
1208867
1208868
1208869
1208870
1208871
1208872
1208873
1208874
1208875
1208876
1208877
1208878
1208879
1208880
1208881
1208882
1208883
1208884
1208885
1208886
1208887
1208888
1208889
1208890
1208891
1208892
1208893
1208894
1208895
1208896
1208897
1208898
1208899
1208900
1208901
1208902
1208903
1208904
1208905
1208906
1208907
1208908
1208909
1208910
1208911
1208912
1208913
1208914
1208915
1208916
1208917
1208918
1208919
1208920
1208921
1208922
1208923
1208924
1208925
1208926
1208927
1208928
1208929
1208930
1208931
1208932
1208933
1208934
1208935
1208936
1208937
1208938
1208939
1208940
1208941
1208942
1208943
1208944
1208945
1208946
1208947
1208948
1208949
1208950
1208951
1208952
1208953
1208954
1208955
1208956
1208957
1208958
1208959
1208960
1208961
1208962
1208963
1208964
1208965
1208966
1208967
1208968
1208969
1208970
1208971
1208972
1208973
1208974
1208975
1208976
1208977
1208978
1208979
1208980
1208981
1208982
1208983
1208984
1208985
1208986
1208987
1208988
1208989
1208990
1208991
1208992
1208993
1208994
1208995
1208996
1208997
1208998
1208999
1209000
1209001
1209002
1209003
1209004
1209005
1209006
1209007
1209008
1209009
1209010
1209011
1209012
1209013
1209014
1209015
1209016
1209017
1209018
1209019
1209020
1209021
1209022
1209023
1209024
1209025
1209026
1209027
1209028
1209029
1209030
1209031
1209032
1209033
1209034
1209035
1209036
1209037
1209038
1209039
1209040
1209041
1209042
1209043
1209044
1209045
1209046
1209047
1209048
1209049
1209050
1209051
1209052
1209053
1209054
1209055
1209056
1209057
1209058
1209059
1209060
1209061
1209062
1209063
1209064
1209065
1209066
1209067
1209068
1209069
1209070
1209071
1209072
1209073
1209074
1209075
1209076
1209077
1209078
1209079
1209080
1209081
1209082
1209083
1209084
1209085
1209086
1209087
1209088
1209089
1209090
1209091
1209092
1209093
1209094
1209095
1209096
1209097
1209098
1209099
1209100
1209101
1209102
1209103
1209104
1209105
1209106
1209107
1209108
1209109
1209110
1209111
1209112
1209113
1209114
1209115
1209116
1209117
1209118
1209119
1209120
1209121
1209122
1209123
1209124
1209125
1209126
1209127
1209128
1209129
1209130
1209131
1209132
1209133
1209134
1209135
1209136
1209137
1209138
1209139
1209140
1209141
1209142
1209143
1209144
1209145
1209146
1209147
1209148
1209149
1209150
1209151
1209152
1209153
1209154
1209155
1209156
1209157
1209158
1209159
1209160
1209161
1209162
1209163
1209164
1209165
1209166
1209167
1209168
1209169
1209170
1209171
1209172
1209173
1209174
1209175
1209176
1209177
1209178
1209179
1209180
1209181
1209182
1209183
1209184
1209185
1209186
1209187
1209188
1209189
1209190
1209191
1209192
1209193
1209194
1209195
1209196
1209197
1209198
1209199
1209200
1209201
1209202
1209203
1209204
1209205
1209206
1209207
1209208
1209209
1209210
1209211
1209212
1209213
1209214
1209215
1209216
1209217
1209218
1209219
1209220
1209221
1209222
1209223
1209224
1209225
1209226
1209227
1209228
1209229
1209230
1209231
1209232
1209233
1209234
1209235
1209236
1209237
1209238
1209239
1209240
1209241
1209242
1209243
1209244
1209245
1209246
1209247
1209248
1209249
1209250
1209251
1209252
1209253
1209254
1209255
1209256
1209257
1209258
1209259
1209260
1209261
1209262
1209263
1209264
1209265
1209266
1209267
1209268
1209269
1209270
1209271
1209272
1209273
1209274
1209275
1209276
1209277
1209278
1209279
1209280
1209281
1209282
1209283
1209284
1209285
1209286
1209287
1209288
1209289
1209290
1209291
1209292
1209293
1209294
1209295
1209296
1209297
1209298
1209299
1209300
1209301
1209302
1209303
1209304
1209305
1209306
1209307
1209308
1209309
1209310
1209311
1209312
1209313
1209314
1209315
1209316
1209317
1209318
1209319
1209320
1209321
1209322
1209323
1209324
1209325
1209326
1209327
1209328
1209329
1209330
1209331
1209332
1209333
1209334
1209335
1209336
1209337
1209338
1209339
1209340
1209341
1209342
1209343
1209344
1209345
1209346
1209347
1209348
1209349
1209350
1209351
1209352
1209353
1209354
1209355
1209356
1209357
1209358
1209359
1209360
1209361
1209362
1209363
1209364
1209365
1209366
1209367
1209368
1209369
1209370
1209371
1209372
1209373
1209374
1209375
1209376
1209377
1209378
1209379
1209380
1209381
1209382
1209383
1209384
1209385
1209386
1209387
1209388
1209389
1209390
1209391
1209392
1209393
1209394
1209395
1209396
1209397
1209398
1209399
1209400
1209401
1209402
1209403
1209404
1209405
1209406
1209407
1209408
1209409
1209410
1209411
1209412
1209413
1209414
1209415
1209416
1209417
1209418
1209419
1209420
1209421
1209422
1209423
1209424
1209425
1209426
1209427
1209428
1209429
1209430
1209431
1209432
1209433
1209434
1209435
1209436
1209437
1209438
1209439
1209440
1209441
1209442
1209443
1209444
1209445
1209446
1209447
1209448
1209449
1209450
1209451
1209452
1209453
1209454
1209455
1209456
1209457
1209458
1209459
1209460
1209461
1209462
1209463
1209464
1209465
1209466
1209467
1209468
1209469
1209470
1209471
1209472
1209473
1209474
1209475
1209476
1209477
1209478
1209479
1209480
1209481
1209482
1209483
1209484
1209485
1209486
1209487
1209488
1209489
1209490
1209491
1209492
1209493
1209494
1209495
1209496
1209497
1209498
1209499
1209500
1209501
1209502
1209503
1209504
1209505
1209506
1209507
1209508
1209509
1209510
1209511
1209512
1209513
1209514
1209515
1209516
1209517
1209518
1209519
1209520
1209521
1209522
1209523
1209524
1209525
1209526
1209527
1209528
1209529
1209530
1209531
1209532
1209533
1209534
1209535
1209536
1209537
1209538
1209539
1209540
1209541
1209542
1209543
1209544
1209545
1209546
1209547
1209548
1209549
1209550
1209551
1209552
1209553
1209554
1209555
1209556
1209557
1209558
1209559
1209560
1209561
1209562
1209563
1209564
1209565
1209566
1209567
1209568
1209569
1209570
1209571
1209572
1209573
1209574
1209575
1209576
1209577
1209578
1209579
1209580
1209581
1209582
1209583
1209584
1209585
1209586
1209587
1209588
1209589
1209590
1209591
1209592
1209593
1209594
1209595
1209596
1209597
1209598
1209599
1209600
1209601
1209602
1209603
1209604
1209605
1209606
1209607
1209608
1209609
1209610
1209611
1209612
1209613
1209614
1209615
1209616
1209617
1209618
1209619
1209620
1209621
1209622
1209623
1209624
1209625
1209626
1209627
1209628
1209629
1209630
1209631
1209632
1209633
1209634
1209635
1209636
1209637
1209638
1209639
1209640
1209641
1209642
1209643
1209644
1209645
1209646
1209647
1209648
1209649
1209650
1209651
1209652
1209653
1209654
1209655
1209656
1209657
1209658
1209659
1209660
1209661
1209662
1209663
1209664
1209665
1209666
1209667
1209668
1209669
1209670
1209671
1209672
1209673
1209674
1209675
1209676
1209677
1209678
1209679
1209680
1209681
1209682
1209683
1209684
1209685
1209686
1209687
1209688
1209689
1209690
1209691
1209692
1209693
1209694
1209695
1209696
1209697
1209698
1209699
1209700
1209701
1209702
1209703
1209704
1209705
1209706
1209707
1209708
1209709
1209710
1209711
1209712
1209713
1209714
1209715
1209716
1209717
1209718
1209719
1209720
1209721
1209722
1209723
1209724
1209725
1209726
1209727
1209728
1209729
1209730
1209731
1209732
1209733
1209734
1209735
1209736
1209737
1209738
1209739
1209740
1209741
1209742
1209743
1209744
1209745
1209746
1209747
1209748
1209749
1209750
1209751
1209752
1209753
1209754
1209755
1209756
1209757
1209758
1209759
1209760
1209761
1209762
1209763
1209764
1209765
1209766
1209767
1209768
1209769
1209770
1209771
1209772
1209773
1209774
1209775
1209776
1209777
1209778
1209779
1209780
1209781
1209782
1209783
1209784
1209785
1209786
1209787
1209788
1209789
1209790
1209791
1209792
1209793
1209794
1209795
1209796
1209797
1209798
1209799
1209800
1209801
1209802
1209803
1209804
1209805
1209806
1209807
1209808
1209809
1209810
1209811
1209812
1209813
1209814
1209815
1209816
1209817
1209818
1209819
1209820
1209821
1209822
1209823
1209824
1209825
1209826
1209827
1209828
1209829
1209830
1209831
1209832
1209833
1209834
1209835
1209836
1209837
1209838
1209839
1209840
1209841
1209842
1209843
1209844
1209845
1209846
1209847
1209848
1209849
1209850
1209851
1209852
1209853
1209854
1209855
1209856
1209857
1209858
1209859
1209860
1209861
1209862
1209863
1209864
1209865
1209866
1209867
1209868
1209869
1209870
1209871
1209872
1209873
1209874
1209875
1209876
1209877
1209878
1209879
1209880
1209881
1209882
1209883
1209884
1209885
1209886
1209887
1209888
1209889
1209890
1209891
1209892
1209893
1209894
1209895
1209896
1209897
1209898
1209899
1209900
1209901
1209902
1209903
1209904
1209905
1209906
1209907
1209908
1209909
1209910
1209911
1209912
1209913
1209914
1209915
1209916
1209917
1209918
1209919
1209920
1209921
1209922
1209923
1209924
1209925
1209926
1209927
1209928
1209929
1209930
1209931
1209932
1209933
1209934
1209935
1209936
1209937
1209938
1209939
1209940
1209941
1209942
1209943
1209944
1209945
1209946
1209947
1209948
1209949
1209950
1209951
1209952
1209953
1209954
1209955
1209956
1209957
1209958
1209959
1209960
1209961
1209962
1209963
1209964
1209965
1209966
1209967
1209968
1209969
1209970
1209971
1209972
1209973
1209974
1209975
1209976
1209977
1209978
1209979
1209980
1209981
1209982
1209983
1209984
1209985
1209986
1209987
1209988
1209989
1209990
1209991
1209992
1209993
1209994
1209995
1209996
1209997
1209998
1209999
1210000
1210001
1210002
1210003
1210004
1210005
1210006
1210007
1210008
1210009
1210010
1210011
1210012
1210013
1210014
1210015
1210016
1210017
1210018
1210019
1210020
1210021
1210022
1210023
1210024
1210025
1210026
1210027
1210028
1210029
1210030
1210031
1210032
1210033
1210034
1210035
1210036
1210037
1210038
1210039
1210040
1210041
1210042
1210043
1210044
1210045
1210046
1210047
1210048
1210049
1210050
1210051
1210052
1210053
1210054
1210055
1210056
1210057
1210058
1210059
1210060
1210061
1210062
1210063
1210064
1210065
1210066
1210067
1210068
1210069
1210070
1210071
1210072
1210073
1210074
1210075
1210076
1210077
1210078
1210079
1210080
1210081
1210082
1210083
1210084
1210085
1210086
1210087
1210088
1210089
1210090
1210091
1210092
1210093
1210094
1210095
1210096
1210097
1210098
1210099
1210100
1210101
1210102
1210103
1210104
1210105
1210106
1210107
1210108
1210109
1210110
1210111
1210112
1210113
1210114
1210115
1210116
1210117
1210118
1210119
1210120
1210121
1210122
1210123
1210124
1210125
1210126
1210127
1210128
1210129
1210130
1210131
1210132
1210133
1210134
1210135
1210136
1210137
1210138
1210139
1210140
1210141
1210142
1210143
1210144
1210145
1210146
1210147
1210148
1210149
1210150
1210151
1210152
1210153
1210154
1210155
1210156
1210157
1210158
1210159
1210160
1210161
1210162
1210163
1210164
1210165
1210166
1210167
1210168
1210169
1210170
1210171
1210172
1210173
1210174
1210175
1210176
1210177
1210178
1210179
1210180
1210181
1210182
1210183
1210184
1210185
1210186
1210187
1210188
1210189
1210190
1210191
1210192
1210193
1210194
1210195
1210196
1210197
1210198
1210199
1210200
1210201
1210202
1210203
1210204
1210205
1210206
1210207
1210208
1210209
1210210
1210211
1210212
1210213
1210214
1210215
1210216
1210217
1210218
1210219
1210220
1210221
1210222
1210223
1210224
1210225
1210226
1210227
1210228
1210229
1210230
1210231
1210232
1210233
1210234
1210235
1210236
1210237
1210238
1210239
1210240
1210241
1210242
1210243
1210244
1210245
1210246
1210247
1210248
1210249
1210250
1210251
1210252
1210253
1210254
1210255
1210256
1210257
1210258
1210259
1210260
1210261
1210262
1210263
1210264
1210265
1210266
1210267
1210268
1210269
1210270
1210271
1210272
1210273
1210274
1210275
1210276
1210277
1210278
1210279
1210280
1210281
1210282
1210283
1210284
1210285
1210286
1210287
1210288
1210289
1210290
1210291
1210292
1210293
1210294
1210295
1210296
1210297
1210298
1210299
1210300
1210301
1210302
1210303
1210304
1210305
1210306
1210307
1210308
1210309
1210310
1210311
1210312
1210313
1210314
1210315
1210316
1210317
1210318
1210319
1210320
1210321
1210322
1210323
1210324
1210325
1210326
1210327
1210328
1210329
1210330
1210331
1210332
1210333
1210334
1210335
1210336
1210337
1210338
1210339
1210340
1210341
1210342
1210343
1210344
1210345
1210346
1210347
1210348
1210349
1210350
1210351
1210352
1210353
1210354
1210355
1210356
1210357
1210358
1210359
1210360
1210361
1210362
1210363
1210364
1210365
1210366
1210367
1210368
1210369
1210370
1210371
1210372
1210373
1210374
1210375
1210376
1210377
1210378
1210379
1210380
1210381
1210382
1210383
1210384
1210385
1210386
1210387
1210388
1210389
1210390
1210391
1210392
1210393
1210394
1210395
1210396
1210397
1210398
1210399
1210400
1210401
1210402
1210403
1210404
1210405
1210406
1210407
1210408
1210409
1210410
1210411
1210412
1210413
1210414
1210415
1210416
1210417
1210418
1210419
1210420
1210421
1210422
1210423
1210424
1210425
1210426
1210427
1210428
1210429
1210430
1210431
1210432
1210433
1210434
1210435
1210436
1210437
1210438
1210439
1210440
1210441
1210442
1210443
1210444
1210445
1210446
1210447
1210448
1210449
1210450
1210451
1210452
1210453
1210454
1210455
1210456
1210457
1210458
1210459
1210460
1210461
1210462
1210463
1210464
1210465
1210466
1210467
1210468
1210469
1210470
1210471
1210472
1210473
1210474
1210475
1210476
1210477
1210478
1210479
1210480
1210481
1210482
1210483
1210484
1210485
1210486
1210487
1210488
1210489
1210490
1210491
1210492
1210493
1210494
1210495
1210496
1210497
1210498
1210499
1210500
1210501
1210502
1210503
1210504
1210505
1210506
1210507
1210508
1210509
1210510
1210511
1210512
1210513
1210514
1210515
1210516
1210517
1210518
1210519
1210520
1210521
1210522
1210523
1210524
1210525
1210526
1210527
1210528
1210529
1210530
1210531
1210532
1210533
1210534
1210535
1210536
1210537
1210538
1210539
1210540
1210541
1210542
1210543
1210544
1210545
1210546
1210547
1210548
1210549
1210550
1210551
1210552
1210553
1210554
1210555
1210556
1210557
1210558
1210559
1210560
1210561
1210562
1210563
1210564
1210565
1210566
1210567
1210568
1210569
1210570
1210571
1210572
1210573
1210574
1210575
1210576
1210577
1210578
1210579
1210580
1210581
1210582
1210583
1210584
1210585
1210586
1210587
1210588
1210589
1210590
1210591
1210592
1210593
1210594
1210595
1210596
1210597
1210598
1210599
1210600
1210601
1210602
1210603
1210604
1210605
1210606
1210607
1210608
1210609
1210610
1210611
1210612
1210613
1210614
1210615
1210616
1210617
1210618
1210619
1210620
1210621
1210622
1210623
1210624
1210625
1210626
1210627
1210628
1210629
1210630
1210631
1210632
1210633
1210634
1210635
1210636
1210637
1210638
1210639
1210640
1210641
1210642
1210643
1210644
1210645
1210646
1210647
1210648
1210649
1210650
1210651
1210652
1210653
1210654
1210655
1210656
1210657
1210658
1210659
1210660
1210661
1210662
1210663
1210664
1210665
1210666
1210667
1210668
1210669
1210670
1210671
1210672
1210673
1210674
1210675
1210676
1210677
1210678
1210679
1210680
1210681
1210682
1210683
1210684
1210685
1210686
1210687
1210688
1210689
1210690
1210691
1210692
1210693
1210694
1210695
1210696
1210697
1210698
1210699
1210700
1210701
1210702
1210703
1210704
1210705
1210706
1210707
1210708
1210709
1210710
1210711
1210712
1210713
1210714
1210715
1210716
1210717
1210718
1210719
1210720
1210721
1210722
1210723
1210724
1210725
1210726
1210727
1210728
1210729
1210730
1210731
1210732
1210733
1210734
1210735
1210736
1210737
1210738
1210739
1210740
1210741
1210742
1210743
1210744
1210745
1210746
1210747
1210748
1210749
1210750
1210751
1210752
1210753
1210754
1210755
1210756
1210757
1210758
1210759
1210760
1210761
1210762
1210763
1210764
1210765
1210766
1210767
1210768
1210769
1210770
1210771
1210772
1210773
1210774
1210775
1210776
1210777
1210778
1210779
1210780
1210781
1210782
1210783
1210784
1210785
1210786
1210787
1210788
1210789
1210790
1210791
1210792
1210793
1210794
1210795
1210796
1210797
1210798
1210799
1210800
1210801
1210802
1210803
1210804
1210805
1210806
1210807
1210808
1210809
1210810
1210811
1210812
1210813
1210814
1210815
1210816
1210817
1210818
1210819
1210820
1210821
1210822
1210823
1210824
1210825
1210826
1210827
1210828
1210829
1210830
1210831
1210832
1210833
1210834
1210835
1210836
1210837
1210838
1210839
1210840
1210841
1210842
1210843
1210844
1210845
1210846
1210847
1210848
1210849
1210850
1210851
1210852
1210853
1210854
1210855
1210856
1210857
1210858
1210859
1210860
1210861
1210862
1210863
1210864
1210865
1210866
1210867
1210868
1210869
1210870
1210871
1210872
1210873
1210874
1210875
1210876
1210877
1210878
1210879
1210880
1210881
1210882
1210883
1210884
1210885
1210886
1210887
1210888
1210889
1210890
1210891
1210892
1210893
1210894
1210895
1210896
1210897
1210898
1210899
1210900
1210901
1210902
1210903
1210904
1210905
1210906
1210907
1210908
1210909
1210910
1210911
1210912
1210913
1210914
1210915
1210916
1210917
1210918
1210919
1210920
1210921
1210922
1210923
1210924
1210925
1210926
1210927
1210928
1210929
1210930
1210931
1210932
1210933
1210934
1210935
1210936
1210937
1210938
1210939
1210940
1210941
1210942
1210943
1210944
1210945
1210946
1210947
1210948
1210949
1210950
1210951
1210952
1210953
1210954
1210955
1210956
1210957
1210958
1210959
1210960
1210961
1210962
1210963
1210964
1210965
1210966
1210967
1210968
1210969
1210970
1210971
1210972
1210973
1210974
1210975
1210976
1210977
1210978
1210979
1210980
1210981
1210982
1210983
1210984
1210985
1210986
1210987
1210988
1210989
1210990
1210991
1210992
1210993
1210994
1210995
1210996
1210997
1210998
1210999
1211000
1211001
1211002
1211003
1211004
1211005
1211006
1211007
1211008
1211009
1211010
1211011
1211012
1211013
1211014
1211015
1211016
1211017
1211018
1211019
1211020
1211021
1211022
1211023
1211024
1211025
1211026
1211027
1211028
1211029
1211030
1211031
1211032
1211033
1211034
1211035
1211036
1211037
1211038
1211039
1211040
1211041
1211042
1211043
1211044
1211045
1211046
1211047
1211048
1211049
1211050
1211051
1211052
1211053
1211054
1211055
1211056
1211057
1211058
1211059
1211060
1211061
1211062
1211063
1211064
1211065
1211066
1211067
1211068
1211069
1211070
1211071
1211072
1211073
1211074
1211075
1211076
1211077
1211078
1211079
1211080
1211081
1211082
1211083
1211084
1211085
1211086
1211087
1211088
1211089
1211090
1211091
1211092
1211093
1211094
1211095
1211096
1211097
1211098
1211099
1211100
1211101
1211102
1211103
1211104
1211105
1211106
1211107
1211108
1211109
1211110
1211111
1211112
1211113
1211114
1211115
1211116
1211117
1211118
1211119
1211120
1211121
1211122
1211123
1211124
1211125
1211126
1211127
1211128
1211129
1211130
1211131
1211132
1211133
1211134
1211135
1211136
1211137
1211138
1211139
1211140
1211141
1211142
1211143
1211144
1211145
1211146
1211147
1211148
1211149
1211150
1211151
1211152
1211153
1211154
1211155
1211156
1211157
1211158
1211159
1211160
1211161
1211162
1211163
1211164
1211165
1211166
1211167
1211168
1211169
1211170
1211171
1211172
1211173
1211174
1211175
1211176
1211177
1211178
1211179
1211180
1211181
1211182
1211183
1211184
1211185
1211186
1211187
1211188
1211189
1211190
1211191
1211192
1211193
1211194
1211195
1211196
1211197
1211198
1211199
1211200
1211201
1211202
1211203
1211204
1211205
1211206
1211207
1211208
1211209
1211210
1211211
1211212
1211213
1211214
1211215
1211216
1211217
1211218
1211219
1211220
1211221
1211222
1211223
1211224
1211225
1211226
1211227
1211228
1211229
1211230
1211231
1211232
1211233
1211234
1211235
1211236
1211237
1211238
1211239
1211240
1211241
1211242
1211243
1211244
1211245
1211246
1211247
1211248
1211249
1211250
1211251
1211252
1211253
1211254
1211255
1211256
1211257
1211258
1211259
1211260
1211261
1211262
1211263
1211264
1211265
1211266
1211267
1211268
1211269
1211270
1211271
1211272
1211273
1211274
1211275
1211276
1211277
1211278
1211279
1211280
1211281
1211282
1211283
1211284
1211285
1211286
1211287
1211288
1211289
1211290
1211291
1211292
1211293
1211294
1211295
1211296
1211297
1211298
1211299
1211300
1211301
1211302
1211303
1211304
1211305
1211306
1211307
1211308
1211309
1211310
1211311
1211312
1211313
1211314
1211315
1211316
1211317
1211318
1211319
1211320
1211321
1211322
1211323
1211324
1211325
1211326
1211327
1211328
1211329
1211330
1211331
1211332
1211333
1211334
1211335
1211336
1211337
1211338
1211339
1211340
1211341
1211342
1211343
1211344
1211345
1211346
1211347
1211348
1211349
1211350
1211351
1211352
1211353
1211354
1211355
1211356
1211357
1211358
1211359
1211360
1211361
1211362
1211363
1211364
1211365
1211366
1211367
1211368
1211369
1211370
1211371
1211372
1211373
1211374
1211375
1211376
1211377
1211378
1211379
1211380
1211381
1211382
1211383
1211384
1211385
1211386
1211387
1211388
1211389
1211390
1211391
1211392
1211393
1211394
1211395
1211396
1211397
1211398
1211399
1211400
1211401
1211402
1211403
1211404
1211405
1211406
1211407
1211408
1211409
1211410
1211411
1211412
1211413
1211414
1211415
1211416
1211417
1211418
1211419
1211420
1211421
1211422
1211423
1211424
1211425
1211426
1211427
1211428
1211429
1211430
1211431
1211432
1211433
1211434
1211435
1211436
1211437
1211438
1211439
1211440
1211441
1211442
1211443
1211444
1211445
1211446
1211447
1211448
1211449
1211450
1211451
1211452
1211453
1211454
1211455
1211456
1211457
1211458
1211459
1211460
1211461
1211462
1211463
1211464
1211465
1211466
1211467
1211468
1211469
1211470
1211471
1211472
1211473
1211474
1211475
1211476
1211477
1211478
1211479
1211480
1211481
1211482
1211483
1211484
1211485
1211486
1211487
1211488
1211489
1211490
1211491
1211492
1211493
1211494
1211495
1211496
1211497
1211498
1211499
1211500
1211501
1211502
1211503
1211504
1211505
1211506
1211507
1211508
1211509
1211510
1211511
1211512
1211513
1211514
1211515
1211516
1211517
1211518
1211519
1211520
1211521
1211522
1211523
1211524
1211525
1211526
1211527
1211528
1211529
1211530
1211531
1211532
1211533
1211534
1211535
1211536
1211537
1211538
1211539
1211540
1211541
1211542
1211543
1211544
1211545
1211546
1211547
1211548
1211549
1211550
1211551
1211552
1211553
1211554
1211555
1211556
1211557
1211558
1211559
1211560
1211561
1211562
1211563
1211564
1211565
1211566
1211567
1211568
1211569
1211570
1211571
1211572
1211573
1211574
